1000
100
28 70 173 81
192 371 329 593
29 189 231 242
75 445 390 643
75 60 419 372
481 426 629 890
618 566 622 817
155 409 509 827
96 712 355 983
551 427 844 801
479 835 892 843
261 440 380 938
502 610 561 761
274 470 316 697
622 870 754 934
17 360 252 375
56 548 532 722
88 100 269 559
159 38 622 53
362 216 750 636
826 129 870 471
368 213 582 487
16 688 251 943
60 719 418 786
120 9 364 399
472 81 651 427
252 338 535 699
817 393 863 870
679 336 679 741
401 197 882 438
535 911 989 976
287 423 401 699
396 500 870 747
518 612 917 716
143 231 434 280
216 24 505 202
444 518 791 799
627 367 659 563
48 2 120 235
277 98 732 373
1 338 117 723
3 408 82 502
282 59 680 399
392 227 614 542
521 481 709 799
65 45 409 336
433 385 852 463
74 676 276 771
592 278 805 462
78 135 275 613
93 900 291 951
671 401 892 633
78 102 346 376
589 323 784 417
172 288 365 437
47 133 423 213
211 840 451 968
483 183 782 350
248 324 435 648
783 423 979 828
383 80 478 108
466 552 676 936
366 339 807 456
352 890 673 912
215 471 611 946
379 408 762 566
227 674 527 843
165 474 361 818
237 416 722 718
97 813 583 953
279 4 744 159
145 182 583 574
391 81 576 379
594 8 973 421
521 230 761 284
13 255 372 580
55 45 399 384
90 845 571 860
154 136 233 354
195 302 435 702
418 863 506 875
651 369 976 678
24 15 472 222
339 330 392 711
704 612 910 768
245 677 654 744
693 716 973 813
408 191 898 314
148 18 623 514
338 279 456 768
716 251 914 703
476 249 792 702
104 59 451 551
792 116 992 459
263 442 318 784
60 541 539 818
223 211 708 496
464 496 930 661
26 133 504 618
13 73 244 532
