2000
500
541 90 1320 606
366 90 816 633
905 1123 969 1403
1348 606 1978 1582
326 1190 1250 1605
342 262 907 508
83 338 324 1208
805 1333 908 1565
936 1544 1522 1568
957 27 1912 307
196 1145 1194 1839
758 511 1438 1211
1183 46 1650 260
1273 1646 1587 1694
490 468 591 964
86 158 141 1156
501 871 1020 1487
633 249 813 1100
275 1620 379 1643
533 143 1187 769
239 833 1225 1349
300 1151 1230 1273
16 72 129 284
993 632 1736 1337
1666 1254 1692 1671
91 996 113 1421
1403 1176 1962 1476
282 1773 737 1913
1034 645 1634 1205
576 1176 1094 1581
895 399 1885 1310
345 874 582 1836
1455 884 1641 1147
1390 1699 1872 1770
96 554 379 1450
428 1088 1240 1928
1234 1265 1816 1543
609 478 1538 968
590 332 821 926
1204 876 1346 1338
861 282 1248 720
648 1205 1215 1935
1251 841 1571 1293
695 1118 1109 1987
1079 1794 1194 1853
553 1270 1469 1917
493 1616 1465 1958
1219 1046 1892 1472
483 1424 872 1669
1355 944 1509 1182
117 291 771 605
156 704 831 1282
593 217 676 1095
611 322 617 809
266 797 855 1144
1397 375 1688 901
1021 591 1758 660
800 797 1324 1681
768 122 1668 749
894 1020 935 1692
759 714 1630 1546
1034 906 1494 1653
1043 0 1404 798
1428 1154 1643 1194
30 1302 464 1833
751 829 1648 1639
282 69 1193 1039
850 55 1107 899
1469 1310 1875 1933
327 1188 1146 1556
947 980 1939 1104
41 405 422 1384
1157 167 1871 694
1096 0 1821 383
702 184 1418 323
848 643 1728 1253
171 133 225 777
62 885 215 1305
932 1400 1783 1528
1325 208 1337 964
345 125 710 757
980 621 1163 988
374 624 1066 1011
208 893 526 1713
614 195 1197 794
965 1066 1912 1748
1037 462 1910 623
165 1179 720 1776
372 354 1166 669
242 307 717 1071
561 1282 787 1292
675 383 765 1249
251 1021 353 1092
968 692 1246 1331
121 207 651 559
382 537 1057 1055
74 338 1058 890
895 610 1792 1153
1499 522 1923 1085
1193 692 1717 778
227 303 552 329
498 56 1292 1039
520 947 531 1650
1160 1382 1291 1817
378 865 619 970
126 715 742 1521
234 294 400 1125
139 789 442 1781
292 248 991 776
517 582 1463 1520
342 190 838 447
987 624 1202 1172
1004 357 1831 460
99 426 301 1318
1330 1198 1441 1607
865 997 1619 1473
1223 691 1503 1218
1110 832 1983 1353
1476 599 1633 1155
246 998 660 1593
604 962 1527 1592
264 696 509 1627
805 641 1416 1376
615 569 832 1066
704 1291 1463 1680
1671 1306 1845 1471
1825 209 1843 1121
39 1078 953 1353
736 1318 1363 1787
313 226 764 471
872 602 1738 1283
979 756 1705 1120
543 725 1450 1624
1313 30 1894 637
647 50 1534 262
149 1566 964 1599
767 245 1733 390
397 912 955 1097
776 69 1374 806
91 112 876 970
503 831 1428 935
18 58 920 1038
1401 1050 1931 1924
1372 94 1715 223
380 12 1261 699
599 292 1472 668
1081 345 1450 676
1103 326 1423 1278
1044 908 1472 1052
90 311 459 1046
868 418 1638 983
1353 1383 1993 1740
306 981 1092 1839
223 1105 511 1539
0 311 413 429
233 922 472 1688
1158 992 1944 1462
655 45 732 137
1391 1499 1426 1935
733 1405 1282 1835
1314 639 1550 723
219 1266 865 1775
469 1340 1345 1899
887 670 1168 1646
170 737 812 1640
401 1447 1002 1619
958 754 1718 969
562 751 1532 1419
145 457 653 612
1857 439 1985 468
1786 370 1796 706
1294 541 1995 673
208 572 463 830
603 307 1408 1160
1395 1643 1875 1855
659 1746 1475 1852
612 623 1210 731
1157 1083 1789 1968
1142 48 1976 315
1054 1253 1380 1440
1690 44 1957 243
202 1237 556 1772
884 806 1193 1750
788 13 1581 273
94 124 352 330
1254 1477 1800 1667
817 1118 1580 1294
1040 806 1490 1638
1600 944 1975 1283
459 822 656 1353
82 1033 937 1782
939 222 1768 563
1536 1325 1882 1570
1790 1062 1952 1209
1673 1063 1844 1452
968 997 1897 1685
950 1823 1888 1880
693 838 808 1525
851 1161 1438 1394
1202 733 1766 1203
457 422 461 1176
819 971 1387 1675
1162 1024 1475 1716
122 1570 218 1942
86 10 534 802
325 430 1143 657
1264 323 1795 952
108 110 950 1063
747 434 1609 977
385 889 1303 1616
318 587 640 786
1069 573 1605 1142
797 1659 1162 1729
224 1526 624 1791
460 1445 1446 1606
577 436 1182 472
263 1756 1232 1794
218 199 1036 482
917 327 1251 1060
808 1213 1014 1632
1068 430 1820 1336
98 196 1009 725
514 1083 1478 1166
16 484 488 1144
914 1008 1476 1545
924 161 970 503
542 289 1392 816
935 699 1615 1380
1386 255 1684 682
955 1152 1378 1727
1099 838 1124 1770
656 596 733 1544
133 313 943 1250
1096 938 1667 1647
1411 319 1927 665
237 589 698 981
401 1000 1155 1794
169 44 750 996
605 227 878 889
756 832 1421 1473
107 1065 1025 1672
1141 726 1647 1396
512 303 1320 860
1592 547 1924 1310
732 666 1299 1663
1029 1430 1997 1470
855 382 1840 1143
1551 1244 1707 1284
1473 1038 1503 1885
706 242 751 722
1400 616 1521 1445
339 179 413 819
721 935 870 1708
1359 978 1360 1056
827 1059 970 1837
1060 611 1459 1349
1049 678 1212 1473
361 1131 1146 1732
658 452 845 817
3 586 489 1556
485 1016 719 1637
791 1081 1219 1092
612 865 1495 1391
12 1813 158 1888
186 771 288 994
1269 699 1371 1431
1044 17 1748 471
1237 609 1520 809
917 302 1005 1112
1006 1072 1836 1411
549 122 556 452
254 376 514 1109
862 41 1530 381
12 1082 199 1771
1385 1568 1622 1719
837 341 1597 1303
1433 982 1960 1264
340 19 839 1010
2 660 363 831
87 942 972 1010
1487 396 1517 590
1123 436 1353 854
1237 676 1580 1571
930 1384 1595 1799
4 657 784 1650
1677 1092 1881 1663
1241 184 1788 647
203 638 909 856
103 1840 875 1907
454 1153 769 1896
348 102 762 1022
371 923 513 927
961 656 1237 1594
310 191 599 276
1004 626 1332 1341
26 203 449 1068
1522 1370 1845 1632
443 1801 1392 1828
634 1659 721 1952
421 713 1120 1585
622 24 887 453
112 1222 709 1968
1395 606 1828 1119
9 974 139 1852
200 605 736 1111
511 777 964 939
98 419 356 1075
1142 228 1707 574
565 783 1321 1374
828 287 1696 332
449 566 1123 1520
1026 165 1617 378
618 1126 1423 1736
149 18 336 914
1067 830 1517 1505
1510 1560 1998 1732
1184 221 1889 236
614 876 1129 1761
895 824 1510 1750
576 1076 1054 1474
517 1173 1054 1722
615 183 1403 1015
1551 912 1822 1333
1111 1451 1884 1516
427 1649 1217 1935
873 56 1092 638
1286 1204 1520 1338
928 626 1155 1585
151 1417 1149 1496
1798 584 1803 962
247 884 752 1768
1920 1 1931 612
1074 781 1085 1505
143 673 898 1426
615 931 772 1823
1730 771 1979 1004
98 963 240 1616
711 422 1340 982
412 508 1185 1045
7 118 423 913
559 1373 1546 1724
975 313 1604 1021
861 555 1202 1467
196 660 727 1613
1358 545 1707 1280
127 1494 757 1953
451 707 830 1550
459 159 837 644
574 172 1000 926
596 787 1432 898
324 1199 1302 1528
868 901 1179 1609
798 682 1307 684
1633 855 1752 1416
1301 1020 1674 1948
494 609 1096 644
651 133 1415 882
259 459 504 616
1405 168 1653 312
1030 897 1534 1673
952 39 1386 631
274 415 290 1240
115 260 724 406
3 594 455 820
968 1308 1235 1813
759 744 1375 1538
222 1047 569 1869
665 368 957 402
726 1181 941 1725
616 42 1227 310
81 467 210 1299
1044 686 1341 1135
1589 1104 1734 1750
1087 603 1872 926
241 1350 1138 1918
1133 625 1916 1358
1013 683 1337 962
579 1598 798 1913
292 223 830 540
298 1261 827 1836
142 602 304 1258
431 737 1347 1424
315 1271 567 1628
206 1222 436 1820
154 1084 921 1303
942 576 1285 1344
1220 601 1757 736
213 1258 514 1704
366 634 735 1206
644 1136 1086 1380
232 706 678 1316
863 1524 1138 1660
1854 1317 1950 1842
509 771 936 1580
1548 1037 1713 1762
1283 506 1857 1486
891 1180 1858 1964
1253 348 1787 1255
85 346 877 720
447 979 474 1709
957 1173 1345 1710
1281 1072 1776 1134
853 568 1541 1011
548 576 1062 1477
893 790 1224 1737
1112 58 1751 1007
1576 137 1874 708
1534 90 1591 1062
727 283 933 1074
738 628 855 1063
900 546 1640 719
1512 827 1895 1613
102 609 819 1359
492 178 756 648
738 552 900 781
1693 1041 1738 1860
340 1635 682 1849
245 554 1058 1291
1284 297 1993 388
1465 1242 1544 1879
914 1360 1657 1865
385 290 695 878
1089 299 1431 1165
658 928 674 1703
778 597 1645 914
624 1604 1423 1659
397 240 812 598
1214 976 1940 1148
287 835 1112 1180
730 0 1657 663
155 293 330 440
108 820 169 954
227 7 1023 789
654 1122 1515 1537
1207 675 1367 1375
683 187 1133 944
442 559 1352 1324
702 355 1688 713
555 1286 1433 1773
489 544 1457 1134
529 1383 1379 1516
452 861 1161 1595
7 773 668 1337
743 571 1095 1324
1520 161 1857 290
1658 279 1709 837
633 644 802 1292
1388 1202 1582 1631
1013 1182 1957 1548
398 635 767 811
776 927 1774 1536
1131 594 1370 1425
639 167 725 505
465 1468 1432 1739
1158 47 1268 742
55 563 734 1018
1364 292 1496 348
464 1158 1232 1707
661 118 1591 458
1026 435 1583 532
1340 200 1756 1059
1730 716 1874 978
175 411 243 1345
1233 256 1643 402
1341 885 1402 1149
119 246 431 460
352 1200 744 1219
1200 212 1586 816
167 667 915 1503
644 1120 1428 1935
1466 824 1803 1382
1491 1028 1954 1493
852 1251 1669 1489
763 1036 1622 1576
1080 126 1572 946
1098 49 1175 795
1172 193 1313 439
1339 851 1847 1675
17 418 673 1174
27 529 784 1139
1446 1180 1948 1285
514 833 1266 1393
300 914 510 1810
384 211 1171 478
480 766 585 1470
1328 705 1569 1284
404 488 942 1233
890 267 1713 1022
814 1390 1487 1880
1324 1062 1599 1803
925 1528 1080 1794
1161 129 1913 134
1115 1304 1960 1940
226 421 358 1023
58 1478 641 1626
733 1139 1255 1607
763 1550 1004 1760
816 1298 1318 1919
1012 1135 1868 1963
327 405 1092 1053
