10000
500
4970 7320 9270 7930
6100 4780 7380 9060
2710 6340 4370 9230
800 5850 2970 6990
150 5370 3440 9970
2850 1050 7030 5600
220 6070 5200 8600
4560 3760 8120 6090
780 4680 3210 5340
1610 1010 3600 3160
7190 1750 9090 1930
3830 5790 8620 8850
4560 1280 8020 5230
1340 5400 3790 8370
5140 1270 5790 5130
8160 2810 8530 3310
7310 7030 7930 8770
2700 50 7470 2270
1970 90 5660 3880
1370 520 3280 3920
4340 980 8360 4790
150 3070 4300 6180
770 3340 4510 7240
3040 6350 4760 8720
5720 3360 8160 3980
2850 3820 7640 6700
80 530 3160 5160
1790 810 6550 3890
5120 2390 6700 3780
6820 5760 7240 8690
4230 720 8550 4090
8870 1220 9570 5870
1360 5340 6230 9150
1220 1760 5870 5580
5340 390 9920 1730
2780 260 6820 2540
9140 4620 9220 9560
290 1530 560 5570
2790 2390 3040 7380
4230 9560 5660 9930
2140 6370 4220 9450
2770 8670 6950 9300
2530 2910 6420 7340
880 2970 4060 5120
7130 1030 9870 1080
3730 4030 6320 6670
2920 5380 6930 9060
5830 1180 8430 5020
3740 1720 7300 6620
3980 3950 5390 7820
8540 2300 8980 5110
110 4330 830 8890
850 7470 5230 9100
960 9000 2490 9490
3550 3800 3680 5480
530 580 1200 3140
2360 5810 4700 9270
2180 310 6360 3170
3380 6330 3850 9600
2990 620 5690 2890
3240 4090 3650 6730
1420 860 4480 4110
6900 4360 7700 6320
5910 7180 7390 8390
1530 6160 5310 6970
1500 8250 4590 9190
930 3050 5410 7510
2690 2740 4970 7300
1990 2800 4490 6030
7010 4850 7690 8940
4100 5900 7960 8560
4450 6510 7140 9780
4730 1370 6120 2090
4950 4010 9810 8840
880 790 4090 5170
2660 2690 6600 6170
560 6810 3950 9580
2050 3410 5490 7750
700 5700 3640 8210
2050 4300 6080 6220
6060 3430 8330 6530
00 6890 1970 7930
3220 6180 5770 6730
1120 3280 6110 3310
1040 5390 3130 6400
4020 8440 5620 9570
1840 8910 6590 9250
280 1040 4980 5640
1220 2620 5490 3370
8340 5660 9580 8420
2940 5270 3060 8400
2160 7170 6760 9610
3920 5960 4530 9480
5850 8130 8950 8300
3510 7260 5220 9060
2550 6820 4830 8540
4880 7900 4900 9150
2220 1380 4110 5620
510 4510 2010 6660
140 690 4580 4160
3720 7450 4420 9610
5840 4750 9480 8840
1810 5470 5840 8920
3260 7500 4540 9250
950 1990 4720 3620
9480 6370 9780 7320
5570 1650 9370 3910
3970 4210 7790 8040
5710 1210 6990 2300
1560 6650 4850 8890
350 7400 3780 9670
5440 2390 9640 5740
3390 7390 7880 8700
3990 2380 8360 7370
6470 2170 8420 4950
1700 5460 5600 6790
5370 2170 6650 3340
3070 5830 5170 8200
9610 5530 9740 7990
40 3940 4090 8610
2300 6570 2320 9530
2290 5720 6190 9660
2730 4490 6240 5560
2120 2660 6530 4180
6490 3020 8570 7180
5260 8560 6090 9390
4240 490 7490 3170
120 9170 4140 9770
120 1650 550 2020
5040 1700 5300 4250
4890 2890 6420 7150
1720 6210 5200 7530
2430 3480 6470 7350
2430 2650 5030 3910
3500 2860 5400 4370
1500 4300 4130 9040
7840 3010 9400 3190
7940 7090 8110 8650
3800 140 5970 3880
370 5700 2190 8930
6890 2460 8640 6830
3940 4350 6180 6730
5970 1390 7250 5100
2260 2110 4060 4300
2970 5960 6560 9510
3700 1360 5600 5880
580 6740 4230 8190
2720 3700 3950 8150
3010 670 7330 1970
3640 910 8200 5530
1740 8030 4260 8370
3250 1190 7880 6070
790 980 4140 4390
4970 4900 8780 5570
2440 3990 6090 7770
2480 5420 7090 6340
380 1730 820 6440
1830 5930 1860 7510
6340 3650 8080 6050
5760 4350 6330 6980
3370 2100 6470 3300
1090 780 1820 4580
6380 5260 9150 6400
5700 2830 7890 3620
4150 2170 7760 6900
5300 5450 6730 9160
2500 4790 4480 8420
1050 1300 5220 3950
1630 5020 3280 5320
690 1720 5160 3560
6400 2220 9860 3080
840 4920 5800 9010
3060 5890 3180 8830
5760 3150 7110 5970
2760 900 3070 2670
1010 4040 1570 5780
3750 4070 5490 8080
1270 2520 3600 2930
20 3850 3630 6900
120 7540 1170 9520
3690 6550 4320 7130
2320 4860 6300 9200
6600 2260 8980 4520
4080 4900 8150 9400
3570 210 7330 4520
6330 3580 7550 7100
4090 4400 6400 9000
1680 00 3320 2750
1150 4110 2370 7300
130 4430 3830 7230
6550 5140 8910 7200
4920 2380 9170 7370
4080 2750 6010 4450
750 320 910 3350
1070 7020 3530 7510
1860 370 4540 4710
7570 2030 9930 6090
680 3340 3160 7600
1760 7500 4870 7920
1200 2920 2640 5440
9700 1670 9780 5110
3580 6030 6490 8510
1190 270 5660 2460
6300 1220 7450 2440
4380 1570 5820 4520
1510 3490 4640 5090
6100 3230 7460 5970
3570 5350 6700 8430
1670 670 3240 1980
2500 2450 5520 4750
3590 9600 8220 9780
4810 7850 9650 8600
1100 5010 5010 9950
1170 350 5120 2160
3450 7230 7090 8310
3170 2280 3670 6760
9310 690 9480 950
400 5680 1450 9260
7810 30 8470 90
2120 1540 6010 5670
4560 1650 5380 5740
6050 4020 8580 6880
3610 6940 7100 7430
690 5690 2050 8010
8810 950 9240 5550
2230 3010 7030 4600
7850 4620 8800 9310
4900 2160 7480 3560
6650 5120 9190 6930
4760 8080 6530 9620
6440 2570 7630 6290
6020 6170 9220 6250
5340 7980 6600 9350
5700 5440 5960 8070
1870 620 4830 2970
4270 2470 5430 7430
6010 6350 8260 9630
5490 250 8560 300
7230 6830 8320 7990
5560 1220 7190 5650
2520 3720 4990 8400
2460 4540 6200 7870
5540 5370 6790 9170
4020 8610 6490 9580
6820 5280 9990 9560
140 4980 4080 5540
6020 2260 9070 4580
2970 60 4130 4050
3230 310 4870 3410
2110 2770 7100 7030
5890 5040 9860 9120
6660 1560 6980 3380
3740 2830 7650 3320
1870 8700 5440 9580
6110 1680 8190 5630
2770 3950 6830 8320
7370 1540 9360 6460
8020 6360 8860 7980
1920 1610 4180 4160
710 5680 5460 9520
1890 7740 3200 9870
250 2340 4390 6920
9680 6330 9720 6520
5970 3550 8390 6510
4650 5900 6810 7530
5130 1600 5890 6470
3700 7600 8020 8820
8140 3030 8330 5240
220 6420 4850 6710
4610 2850 6330 7390
5420 2190 9600 7170
4050 1150 4420 5730
1750 6630 4780 9440
7250 310 8850 3890
5230 5330 8610 8930
2870 5970 3490 9860
2940 4450 3880 5120
4920 230 9440 2260
2320 3990 5310 4630
4710 3380 6790 4670
9230 5790 9870 6190
2200 5460 5210 9400
1850 1550 3550 3460
2440 7420 5240 8390
3970 1970 8470 5420
2950 4100 7330 8210
7800 7110 9240 9660
7980 3190 8930 6870
5920 2940 8200 6630
7480 210 8050 3480
1350 3670 2820 6290
4350 8500 7620 9650
5010 6090 6130 9460
5960 1600 7820 6470
8940 3660 9810 5290
4210 860 4660 5620
4400 2680 6000 6460
890 5880 2090 8740
4980 440 6310 1050
7170 6090 7300 6180
4790 6050 6080 7990
1750 4100 5280 5870
670 8090 3330 8200
4760 5240 6620 7750
3040 4580 3900 6110
2640 1420 5390 4920
2470 3840 5370 7410
720 2170 3660 4310
5250 5240 9900 9810
4230 910 5480 1670
3260 7850 5080 8870
5430 5150 8200 6500
3500 1510 5250 3260
1340 2870 4040 5090
5440 4620 9380 5420
7390 5040 9350 5170
2710 5880 6180 8590
7720 3840 9840 4980
1030 3950 3490 4720
1480 810 6180 1580
2730 7660 5620 9560
1590 8260 6060 8660
9080 6270 9400 6680
380 5430 3390 7790
1600 440 4200 2270
3820 1050 7800 5300
3310 3360 7160 6580
9000 5430 9060 7150
3690 5690 5060 8760
3150 1740 5880 5820
2400 8410 3770 9800
1050 3950 4040 7250
4710 3020 6150 4770
3790 4470 6930 6290
270 2290 3800 6180
5140 1060 8770 5010
2360 580 2980 3000
4090 440 8180 3700
2070 6940 3500 9970
5380 4080 9580 8660
2730 900 3700 4570
6580 5120 9440 7310
4280 1610 7620 2480
1580 400 2200 3910
3990 210 8510 1860
4360 530 6110 2420
7850 4730 8570 8280
5030 8580 5970 9230
1640 2180 6500 2680
3060 1220 7750 3870
3090 4120 5450 8040
6410 6880 7010 7340
3220 2670 4030 3000
4680 3360 6370 6260
5500 5820 8540 7520
630 3950 1590 7990
5050 7430 8320 9280
1520 4040 1710 6730
2340 80 6040 600
7580 4530 8320 5370
9360 4530 9430 8100
6280 1370 8960 5200
2900 970 6110 3520
6300 3190 9560 5760
2410 6130 6110 9200
4990 520 5870 4150
4690 4740 6740 7300
5260 1440 9880 5580
1900 6840 6010 9510
7460 4190 8620 6850
3520 6930 6470 7190
6470 3730 7310 5420
970 1830 5410 4220
2080 1670 6870 4100
7090 3880 8250 3880
8800 3600 9330 4100
6720 6510 8990 7690
2540 3890 6290 4190
2510 560 3910 2470
6890 2440 7690 4400
4420 1640 8700 1750
2050 100 5920 1670
2190 8730 2520 9060
280 4990 1330 9440
3790 1170 6620 2440
1570 140 4770 440
170 4250 4700 8420
1430 1450 4090 4940
1990 5900 6670 9290
720 2680 4710 7330
6410 4890 7870 6480
5730 1410 9830 5100
4830 3560 9780 7520
410 4750 4620 8080
1520 2070 4150 4070
580 3680 5470 5310
4480 3080 7070 3600
1270 4990 2900 9110
30 3200 3150 7200
6420 4750 9580 5620
2870 6400 7660 8450
1950 3740 2640 4840
3130 3880 7820 4260
8020 1720 9920 5680
5650 580 8740 2050
1200 5660 5640 7380
7910 6110 8820 9860
8460 3870 9340 8100
1550 2860 6440 7790
5900 4480 6830 8820
5180 4300 8110 6660
2230 5670 2910 7570
1600 3850 5520 7770
4770 6260 8250 7750
3560 3770 3650 6390
6560 4220 9660 6460
4350 5050 9190 9120
2230 2390 4560 6700
2080 3890 3270 8450
1160 5500 5590 7470
6380 3070 9760 6570
3040 2740 3710 6960
1050 5860 4960 9980
4100 4080 5120 8380
4410 4420 8940 8420
3590 4400 7590 9180
6830 4760 7450 6250
2290 4100 4180 6990
4240 4850 6070 4850
8480 600 9200 3260
8060 7440 9290 9940
5000 1130 7510 2360
9140 30 9420 4350
5360 5670 7550 8610
5520 6180 9250 6260
6650 2320 7870 3170
3050 2560 5060 6230
8150 5450 9110 6370
3780 4090 7000 6660
2870 330 7400 4270
840 1260 3980 5330
4480 4360 9190 8960
7270 3910 9920 7260
6880 5590 9190 8890
6700 6060 8520 9060
6980 270 8780 4540
4970 420 5990 3550
910 840 1060 1680
1410 4610 2880 4930
5630 5310 7460 6960
3110 3250 7000 6940
1090 770 2720 5650
2950 2670 6160 5710
4230 2500 8100 4390
4930 1550 5700 4600
2710 2960 6930 5400
5020 460 9770 3560
270 1770 330 3430
5990 4370 7520 8220
3340 1910 7500 6490
2650 2460 7050 6510
3080 2240 7840 3440
2070 1040 6100 1750
1270 6520 1500 9820
8160 5740 9090 5830
4440 2860 9030 5100
1260 4310 4760 4500
4010 6900 7520 9150
980 3680 1330 5630
270 4290 5090 8310
4110 4080 8380 5730
4370 100 5190 2930
4240 2290 6090 7190
5300 1340 5810 5410
8130 630 9680 2340
7430 3670 9300 7700
2820 890 6610 5730
9000 1570 9350 1930
2330 4400 4870 8390
1540 2030 5780 5650
6390 1550 9560 2000
5040 2690 8240 7290
490 3940 4050 5760
3870 770 7630 5090
2920 930 6990 2080
2250 3300 4980 5660
960 6260 3470 7080
6660 4700 8530 7260
7230 460 7340 920
6430 1520 7250 4650
5610 990 6290 5350
5860 3290 7690 7050
140 7480 4230 8410
5030 2370 5660 6420
8130 5530 9870 8410
330 2930 5280 7580
2670 4560 4110 5980
2940 3200 7710 7210
1580 790 5020 1740
4050 3780 7700 8550
