5000
1000
1837 1615 3252 3862
2168 633 2286 1492
1617 788 2124 1005
1998 853 3204 1713
2705 3316 4986 4067
362 2534 1539 4462
1343 1879 2466 2742
2361 70 4023 2140
3432 2989 4762 3345
848 406 3215 1961
2545 111 4427 222
2626 873 4774 3080
138 1598 628 2893
277 1394 1173 1474
913 2186 3043 3633
1636 2512 2573 2957
3158 250 4171 321
4926 1184 4934 3521
3574 1932 4217 3892
1116 4047 2527 4949
2616 1288 3518 3525
487 2589 2823 4889
2168 2523 3492 4190
2238 1280 4482 1585
830 2513 2693 3662
781 3625 2483 4400
3545 535 4956 2883
909 517 3310 2490
3626 2247 4059 3739
1269 3883 2623 4518
3644 3254 3861 4713
4659 2629 4805 4882
3421 25 4551 868
4431 442 4956 2806
1895 1018 3197 1492
1661 334 2309 416
73 1470 668 1949
2319 335 4000 2587
3837 2051 4694 4375
480 552 2655 2447
1144 1218 2355 1352
2566 2846 3346 3501
195 930 473 1334
1091 3036 2190 4328
298 1305 1352 2209
1091 2666 2182 2721
749 1483 2847 1953
2790 1162 4327 1397
2422 3225 3193 3485
937 1056 2986 3338
864 2311 2673 2338
1305 45 2303 970
4852 4110 4852 4462
1698 2188 3440 4078
1295 1364 3749 1681
1537 3901 2021 4952
3640 1221 4889 1400
1509 1100 3808 2838
1883 2027 3846 3338
787 1683 1418 2252
956 1000 2530 2198
1079 540 3116 2348
1108 962 3188 1314
2743 860 4369 2406
1944 4058 3911 4809
361 429 1016 2401
3258 1112 4893 3585
2431 583 4829 1778
3072 3137 4590 3712
1467 1453 1549 2053
4824 1707 4899 2095
3743 763 4530 2752
1772 3700 2098 4310
1733 4299 4194 4802
3516 4401 3568 4415
2363 1095 3480 3073
976 3275 2378 4684
3375 1037 4024 2519
3663 472 3913 2904
3911 1818 4666 2914
1415 1589 1590 1902
3315 691 3624 2527
1792 2171 3100 3692
760 1825 2176 2843
1865 4487 3095 4846
2093 3181 3698 3472
2255 3066 4313 3411
2212 2529 3691 3014
2790 1296 4141 3694
3769 967 4195 3032
3430 332 4690 446
501 1066 939 2275
2341 3152 4721 3222
761 2909 3214 4148
3416 1074 4487 2113
403 1299 2720 3185
446 1919 868 4135
1604 264 2574 1897
2330 707 4231 3124
1962 1677 1978 3940
159 2448 798 2789
311 3763 1148 4248
1269 840 2550 3058
1163 2373 3617 4473
1810 778 3644 1215
1443 3651 2494 3765
187 3171 910 3637
2728 2772 4428 2794
158 1794 2163 2877
3117 2961 4881 4573
62 2983 917 3610
2670 202 4053 2519
1473 1129 1726 1811
2509 3293 2994 3865
240 1682 1044 2407
1068 686 1905 1245
2249 2800 3745 4518
3628 161 4874 2409
1471 566 3502 2438
1500 1554 1544 3635
512 101 767 2270
3679 3158 4363 4128
1414 3219 2581 4504
1436 1988 1793 2814
2701 292 3803 1536
1215 3026 3346 4187
816 260 2854 1431
824 487 1917 2814
2097 2500 3001 3454
3784 2766 4463 4975
3403 3646 4336 4023
2348 2979 2992 4285
2188 359 3689 1835
2221 3885 3923 3961
2038 2584 2209 4711
412 2510 1826 4073
1980 569 3151 1528
4114 2407 4247 4587
1184 975 3353 2400
3088 161 3779 2595
1387 113 2040 224
518 1542 1266 3518
3036 3895 4603 4236
1351 3951 3229 4493
2376 4150 4321 4403
1154 462 1649 2014
556 3991 2923 4560
2341 1490 4291 3663
3224 867 4534 1433
1801 644 3422 2260
538 2730 869 4318
1932 2110 2811 2430
1177 1615 2416 3178
676 3682 2655 4447
3065 2740 4725 2936
158 730 2260 2654
2799 1774 4330 2730
1976 1901 4394 2109
3169 1639 3794 1857
817 1187 1248 3309
471 1491 1269 2402
606 1642 2405 1802
2254 1629 4047 3331
4429 1516 4448 2329
1188 1315 3665 3506
1720 1790 3052 2628
3237 508 3642 2624
2310 2932 3615 4355
86 56 2162 1345
2153 1413 3438 2193
339 2527 2704 4892
1238 2153 3251 3893
1417 2257 2843 4394
2093 2013 3127 4362
1789 658 3964 2897
1794 3678 2359 4478
1478 1572 3674 3648
1590 1162 3846 2243
239 1849 1414 2477
19 1057 45 3175
2896 4115 2912 4791
2153 3164 4502 4282
1408 1277 2378 3527
3333 1075 4620 1579
1722 3155 2313 4987
1080 2745 1421 4876
2718 3180 3606 4220
1224 1718 3296 4146
2538 4151 4378 4259
3074 3928 3288 4756
1168 1384 2962 1466
3539 2730 4928 3069
3612 4647 4174 4889
1848 731 3699 2035
2063 1179 3837 2143
1830 480 3518 510
1518 2501 3090 2973
2679 2382 4424 4358
3117 816 3727 2696
2583 22 4942 2315
2176 1184 2957 2864
244 2614 1733 4406
2816 688 4350 3112
2524 2700 3224 4919
1279 880 2906 2968
2187 3429 3509 3633
1166 2705 1422 3823
2311 2853 3030 3184
1531 500 1680 1518
733 48 2060 1586
1460 994 2331 2919
2031 1435 3008 1659
3248 424 3933 2801
322 2611 1864 4527
1297 2152 2974 4484
468 4286 2908 4870
1087 3078 2496 4494
822 907 2424 3103
766 90 2003 399
1232 1062 3634 2908
2451 983 3370 1712
3960 4686 4572 4752
2707 2153 4698 4147
804 3179 2724 4904
304 3849 2417 4466
2182 451 2953 2386
333 1790 1218 4100
749 1904 3169 2900
1639 388 3878 2029
284 1184 1958 1720
1028 2391 3062 4582
3261 778 4854 2497
2793 470 4062 1578
340 3227 2682 3318
515 1964 2572 3877
1159 341 2650 1694
2485 1926 4877 2965
256 163 2719 1757
2943 1486 4760 1723
3029 64 4347 1224
1752 625 1996 1348
2015 2843 2488 4235
3581 897 3630 2623
3124 612 3688 1414
2485 2418 4255 3873
3181 75 3777 378
1184 2541 2103 4967
4329 470 4970 1478
245 1321 1106 3506
1092 1588 2909 2776
3722 1327 4403 2225
3955 3139 4337 4712
2648 652 4676 820
2124 2213 3948 4310
2073 339 4178 766
1252 3991 2375 4686
475 1165 2238 2159
696 371 1297 2810
3213 2749 4722 3410
1688 912 2889 2782
2548 811 4644 1626
2176 3749 2203 3841
1032 2214 2561 2570
1933 3091 2365 3369
779 1281 3125 2080
440 3453 2242 4120
2499 2659 4032 4324
2410 2068 3201 3269
1307 216 2262 1008
1780 1241 2502 2893
827 2307 2150 2918
3100 306 4143 803
3010 1044 3570 3016
1621 1441 2994 1618
1639 1918 2659 2952
1571 51 1633 2348
116 1481 2038 2570
1895 2628 2661 3304
455 1899 2791 4280
386 1097 1682 2414
3055 966 3537 3403
2291 924 3682 2221
1529 1855 3154 2524
2464 251 4945 2676
3586 3373 4022 4784
1144 377 3092 1305
4521 2647 4794 4961
2933 2936 4849 3042
3040 384 3354 2166
1979 2856 2533 3694
2742 1808 3040 2895
281 4454 2060 4699
358 1004 984 1117
1459 1698 1568 2918
3084 162 3698 2625
2384 3465 3307 4815
2641 1697 4797 2571
1532 2362 2040 4241
581 2069 2214 3475
1634 3461 3653 4863
25 18 2468 1995
2798 4094 4326 4586
301 2686 856 3760
808 3419 1176 4272
2175 343 3121 1206
1653 2973 1985 4445
3994 2308 4345 4272
1104 1163 1310 2987
3685 1685 3848 3166
2434 2850 4616 3451
1943 3061 3755 4594
3186 4063 4596 4254
123 2484 2302 4546
2335 1588 4481 1649
642 3377 2396 3862
3074 2765 3353 4562
1113 2493 3123 4354
1109 1708 2769 2592
2972 817 4534 2473
912 1870 2542 3726
2318 3727 3748 4735
792 2688 2653 3281
392 1977 2499 2735
958 1863 2828 3055
4253 2805 4874 3483
2624 2843 4626 3581
20 2447 2147 3229
2115 989 3853 3176
2958 2331 4660 4651
3975 805 4259 1065
2284 2303 4555 3400
2671 1942 4820 4076
3615 916 4607 1598
1009 947 2252 1229
3256 1389 4358 1800
4371 3224 4832 4051
4208 650 4875 1719
2599 786 4683 2740
1754 385 3399 1415
758 454 1342 2405
2359 1329 3251 3797
3709 99 3966 1102
2355 2392 3296 4421
2973 233 4540 2592
4908 179 4926 224
1935 2540 2589 3894
2895 1126 3071 2110
3635 3756 4525 4433
2533 3450 4262 3550
582 1048 2526 2220
1745 1486 4240 3067
1334 352 2942 1894
2457 1749 3907 2154
3709 1777 4315 2026
1393 1595 2265 3602
1375 3248 2988 3439
1805 1186 3122 2411
1285 1194 3525 2597
2704 709 3609 3204
2278 1178 2570 3557
826 726 2541 1948
121 1066 933 2592
2372 174 4497 1588
610 4179 2679 4218
1292 1965 3008 4315
2402 2215 3211 4574
4144 2119 4572 3578
682 28 1970 2009
158 2482 819 3637
2649 812 2730 1749
128 3527 1057 3692
3502 2650 4286 4318
2679 2174 4316 2768
2087 1059 4511 2636
2584 201 3355 1817
4141 1527 4633 3712
3504 1347 4368 2313
1609 1753 3367 4197
1751 2832 2022 3035
305 656 2282 2900
7 1294 1203 2290
1116 1052 2864 2655
716 3794 2643 4619
3277 186 4797 939
4073 1454 4972 2221
260 2630 2248 3961
4128 3092 4768 4959
726 2006 1202 2216
2098 2096 2487 3867
1602 3938 3779 4818
2860 71 4189 1080
3560 1872 3630 3519
2435 1632 4503 4105
3961 3448 4807 4376
728 3327 1060 3960
1449 707 3239 2761
166 488 2246 1559
4002 197 4345 1929
51 1782 1982 2718
3662 3077 4689 4834
3431 316 4573 2778
201 1042 2422 2274
2740 1695 4138 3474
2128 578 3124 1162
2589 1170 3940 3202
683 364 3106 1334
766 776 2794 3037
117 769 2511 1341
3422 2932 4960 3320
895 2200 3360 4051
3248 1405 4806 2095
1811 410 3234 1741
3712 1225 3799 3554
2412 1720 2769 3426
315 233 2708 1541
1091 3585 3369 4407
4199 486 4220 2919
3365 3175 4320 4355
3492 2600 4054 4466
927 2695 2060 3244
1657 1820 1998 4170
1980 397 2565 1481
1085 1544 1587 2232
1899 12 3620 2289
109 2590 2588 3881
236 348 2334 685
1565 124 2379 999
565 2876 2246 4259
1953 2698 2349 4608
220 1808 1113 3154
2173 1521 2498 2915
3291 3309 4578 4673
2192 2359 3368 3661
2128 1381 2406 2272
156 131 1957 1954
2960 1085 4850 3419
2967 767 3586 2028
920 255 2186 1475
1743 2507 1872 4310
3250 790 4156 1398
2315 156 4605 351
4237 2072 4891 4322
2228 3400 3899 4614
3185 229 3462 1743
2075 3701 3680 4992
187 2219 2389 2424
558 143 2493 2629
4050 2910 4904 4114
1361 1705 3523 2184
1097 2203 1297 4499
3605 4460 4466 4742
764 2680 1393 4547
2510 736 4706 1782
731 3724 1023 3801
2727 1844 4250 2886
3192 2383 4542 4040
605 920 2541 2845
1681 1427 3435 3396
3075 2962 4590 4671
415 1457 736 3438
805 259 1413 886
3101 1821 3721 3481
3873 1110 4725 1668
4050 2347 4842 4534
1924 1724 3592 2585
1040 2782 1333 4926
4391 888 4786 1031
939 3306 1748 4552
1807 1840 2051 4112
2219 1308 3391 1520
1313 496 3751 1434
1658 189 2068 652
2133 1723 3114 3936
1773 2452 3449 2884
4694 2294 4700 4297
1903 1112 2592 2487
3085 2445 4176 4259
1816 2296 2633 4502
3491 639 3673 2703
102 2388 2122 4031
1335 1805 3121 1918
4523 896 4658 2169
905 3139 2556 3768
1338 3545 3815 4137
139 2478 2124 4637
1080 2127 3141 2503
638 509 1189 1036
2046 1619 3134 2497
2528 4043 2768 4860
3572 2587 4637 4294
3982 57 4919 2550
1321 819 3485 1805
2415 370 2900 2249
214 3394 1712 4987
1565 1339 1957 1646
2315 1042 3253 1403
3472 2578 4438 4099
4082 2278 4594 3015
1198 94 2974 508
2132 1496 3085 3906
2947 1124 3157 2503
142 3549 787 4623
73 2075 1685 2199
1976 2834 3590 3234
560 3139 1873 4653
1347 2717 3465 4274
642 1130 1403 3189
2059 2813 4377 4364
2029 2222 2829 2908
297 1069 816 3417
1779 2076 4129 2948
2733 2261 3175 4761
79 2250 2534 3370
2906 1534 3553 2256
2647 1606 3357 2084
2208 1026 3087 3254
1057 2125 2063 2721
1857 1699 4334 3454
64 3234 208 4760
3680 1516 3725 3920
951 2785 1824 4441
320 2614 2660 3957
2276 1153 3042 1313
3984 1378 4703 1803
290 1616 626 3560
3373 1397 4541 2607
2377 1036 4509 1386
1779 1932 4198 3222
781 3086 906 3438
141 437 2150 956
1185 366 2900 2674
106 2284 1310 2779
2806 1937 4624 2673
1766 1040 3420 3202
1030 3476 2742 4989
2258 859 2434 2153
1409 658 2852 1475
3504 452 4521 2595
4117 1763 4653 2006
2050 1867 2252 3418
2534 2255 4992 2471
744 98 1794 1964
950 2512 2226 4536
2469 3131 4753 3897
207 2881 389 3806
151 1506 497 1624
411 1846 2538 4033
1630 670 1919 1358
1925 2116 3886 4607
2482 295 4053 1890
523 3190 689 3737
2398 4010 3098 4216
1674 4791 2242 4947
2486 502 3887 2038
3130 4117 4675 4963
3856 780 4078 3118
3309 2766 4583 4225
753 1895 1159 2443
807 1257 1654 1476
3845 1767 4557 2929
920 2635 1902 4885
4072 147 4246 482
519 3125 2391 3798
4000 111 4170 2497
1650 1128 2327 1751
307 2360 2415 3656
1956 8 3975 578
928 1225 1998 3092
3367 3105 4451 4874
3675 1075 3848 2721
1624 80 1783 1630
2170 2903 4576 4606
2579 2915 4346 3823
144 1823 498 2286
3066 756 4267 2848
3899 948 3919 3162
420 3046 1063 3927
1768 1609 3255 3711
1946 2139 2666 4315
1032 763 1032 1994
1004 974 2158 2221
3180 3576 3936 3704
2258 1710 2964 3702
2903 213 3221 311
2300 3126 3145 4596
1168 1166 2287 2009
1905 1208 2469 3540
665 1343 2937 1601
734 1202 1002 2950
2747 211 4100 2700
1327 2688 3078 4999
1627 4277 2836 4640
509 3974 2526 4333
1237 4292 2683 4462
154 2588 2561 4013
1090 2607 1647 2633
2249 30 4626 2430
3770 2246 4230 4710
1301 446 2982 1484
2214 446 4223 918
2823 2202 3725 2518
2438 252 4418 324
3708 2926 4672 3842
1345 2847 2077 4564
237 980 1713 2317
1910 1231 3599 1317
492 2668 1881 3409
1441 3590 3711 3771
485 1826 922 3284
4712 1018 4992 2624
1879 554 3208 1531
32 372 1232 1055
1969 2069 3858 2556
1241 1855 3578 2630
1403 1603 1571 3287
734 2498 3116 4467
725 691 3103 1120
4002 2692 4989 4801
2329 2394 4151 3916
1743 12 3674 1582
252 1979 1540 4260
1169 2286 3105 4636
520 2720 2373 3653
1664 1419 2150 3200
3777 662 4508 3095
2651 489 4773 2209
258 4002 1382 4467
2637 697 4388 1285
871 141 2221 1944
1977 356 3587 2757
1340 2389 2578 4106
1760 1868 3856 3674
2246 2564 2507 2910
169 1485 2351 2472
356 2718 420 3232
1990 1615 2522 3770
1999 3583 3463 4660
582 3254 593 3600
2715 4264 3213 4876
4195 3333 4848 3622
2625 1484 2799 2626
815 1395 2832 1831
986 931 2540 3340
2375 2527 4867 4771
4172 2103 4202 3226
334 259 2365 439
1172 1116 1440 3051
3534 3195 4263 3520
3067 3041 4019 4544
2080 2679 2088 3570
1400 3300 2477 3736
85 3277 2433 4697
2637 1751 4451 2441
1781 1510 1872 3004
1497 2484 2992 3930
1658 2951 2507 4443
1532 3574 3448 3894
2528 4096 4187 4187
1856 144 2783 2540
3059 2726 3616 4197
1649 140 3361 1648
205 185 1016 1376
3835 1929 4859 3250
1991 3568 2207 4102
2193 397 4174 1300
2798 2369 4289 4277
4034 4459 4118 4652
1745 3731 4102 3918
1588 2081 2534 2191
3421 993 4121 2268
4647 1849 4887 4101
2574 2167 3359 3399
3568 2192 4380 4291
372 452 2298 1868
3855 2744 4100 4688
1836 447 2323 2134
262 2502 2019 4114
2071 1200 4130 3059
1261 958 2192 1308
2947 876 4647 1263
3137 2298 3450 4548
1125 1970 1708 4345
3046 2143 4175 4071
3258 2187 3421 3945
148 4175 1466 4744
887 1110 2488 1974
2721 3234 4631 3759
888 830 1121 2746
2190 3385 4230 3415
413 384 493 2618
2481 3404 3786 4361
4135 3008 4554 4628
3236 898 4989 1564
4280 1350 4973 3662
1687 818 3441 3233
786 788 1768 3167
782 1059 3051 2222
2905 2166 4753 4071
864 822 3168 3033
652 448 2992 2572
3124 2516 4647 4209
812 3460 2066 4946
2840 297 2921 424
3024 1667 4002 4092
3515 3371 4989 4569
3938 943 4391 2586
1639 382 3253 1837
2490 146 3563 1425
2012 2207 4160 3041
4057 2446 4682 4709
3744 416 4755 1976
2908 3341 4392 4606
3526 2655 4632 4551
3503 1966 3904 2314
107 999 1068 3111
1722 1262 2487 3248
358 3425 447 3939
4023 1601 4562 2942
3116 1742 4579 2976
2838 626 4652 812
2959 2289 4685 3908
147 2678 2173 4508
883 2899 1240 4414
3062 2504 3470 4251
1378 1940 2953 4176
2103 232 3631 2297
3661 732 4379 2662
1339 2670 3010 4252
2197 1390 4355 2828
2786 2683 3921 2941
3259 23 4336 2466
3540 1185 3961 1407
643 3214 1131 4991
719 1871 2837 4281
2569 1676 2729 3050
2895 4377 4158 4765
2042 1306 3596 3367
1751 2352 2506 3938
1445 1286 3250 3334
2521 2782 3545 3632
1556 453 2655 2408
2042 879 3726 3282
2031 3591 2369 4825
3465 3057 4282 4888
1204 4170 3455 4908
3557 2184 4106 3665
475 2908 1566 4098
90 545 2212 2421
2277 861 3926 3237
2671 2221 2699 3040
3129 2284 3341 3418
3059 186 4595 2002
2612 1297 3321 3140
458 743 1286 2927
1023 2289 2643 2308
1358 3903 2639 4118
1649 724 3005 1544
760 2250 1342 4173
1036 3031 3279 4953
873 2435 2823 3785
1107 854 1263 2436
742 1670 2232 4074
240 2622 2523 3101
2727 1892 3955 3231
3715 1175 4878 3662
1795 2769 3061 3820
2259 1265 4024 1741
3166 746 4942 2909
2071 3052 3646 4569
1404 1354 1405 3512
3192 1844 3954 3724
1078 1845 2913 4343
3178 958 4942 2729
455 455 2697 2547
138 2563 1867 4241
239 335 2147 1494
419 3454 2136 4708
3776 1815 3848 2930
978 1678 3132 2866
1704 1933 3283 3110
1938 3142 3879 4226
79 2771 101 3848
192 3953 2627 4121
1494 906 3287 2925
81 1531 717 3779
2413 4574 4144 4651
238 975 1349 3474
985 1329 2959 1539
2067 3163 2630 4285
1314 1801 2873 2710
1055 259 3396 804
2848 44 3475 461
2870 1614 4193 1624
1279 2848 3330 4225
1853 3038 2634 3164
2557 2603 4681 3875
844 2771 3118 2948
1549 3068 3686 3424
1559 2104 1801 3927
3097 251 3222 1303
3450 4627 3795 4759
3134 399 4098 2437
246 2876 1619 3431
2934 3612 4639 3901
826 1495 1927 3824
784 2966 2545 3319
2537 1464 4661 3880
3131 1915 4078 4123
2059 2287 3221 2819
2065 3290 4232 3646
2536 2477 3043 3769
3910 216 4738 496
2924 1942 3754 2965
752 2840 803 3559
828 2007 1660 2177
2068 2480 2858 4912
168 1913 2601 3704
466 1334 2558 2627
1661 163 3109 882
955 2298 2864 3674
874 720 892 2935
3142 4565 3851 4788
414 675 1712 956
772 2709 2501 3317
3579 1103 4190 2544
728 2416 1219 3848
2119 2964 2986 4901
2295 3412 4368 3773
734 3277 2676 4730
1702 187 2264 2687
2339 1723 2753 3160
2324 2388 3039 4112
4120 10 4120 2223
3072 728 4487 2045
1153 1110 3549 2422
1423 463 3868 2076
187 3792 1607 4332
222 1652 370 3952
439 2078 1719 2300
1848 3227 3729 4334
472 1197 1013 3581
3875 686 4856 2541
12 2945 1771 4995
1638 1492 2255 3754
1760 632 2518 865
253 231 1868 435
2877 771 4245 3130
1931 3621 4037 4927
326 1408 1599 1414
4044 1499 4700 3950
3814 1383 4911 3796
1097 2109 3264 4368
798 1422 1357 3664
2420 114 3663 751
434 2911 2477 3214
2729 2518 2951 2839
1578 2276 3866 2459
1904 55 3771 1390
3241 2501 4117 3881
2060 2245 4261 4704
2138 1157 3569 2710
845 4375 1468 4886
2894 2038 4928 3991
1579 63 3200 908
1485 2376 2420 3180
2210 1643 2323 3094
3666 1862 4652 2062
189 4488 616 4940
2399 2116 3849 4505
1030 724 1959 1036
334 1705 2113 2050
2801 1829 4298 3614
1725 3299 2976 4326
2870 4346 4185 4783
828 3906 1381 4411
2160 2124 4576 4017
1369 2056 2131 3817
3501 2843 3937 4467
1860 2211 4219 4605
882 2848 1459 4646
2729 1711 2766 2884
565 3289 2552 4126
99 632 655 1446
224 2941 1356 4654
2887 2330 4781 2748
80 2273 1689 4271
2683 3187 3202 4356
1711 24 3252 34
26 2964 191 4509
103 932 2416 2513
699 1408 2532 2696
1171 2941 3213 4060
2718 3124 3806 3382
938 2649 1613 4161
584 74 2340 1357
413 3681 2887 4424
1491 1009 3757 2694
124 1388 1000 1693
804 1924 2882 4014
992 1274 2056 1818
669 1889 1145 3427
576 2096 1118 4218
2138 2106 3663 3909
585 629 985 2542
2885 347 4599 1528
1928 1851 3668 2843
1721 3897 4110 4139
2086 2691 4004 4818
2360 1907 2465 3198
4013 250 4888 2661
1211 1311 3319 1610
2582 3905 2620 4748
4161 2515 4486 3230
1114 4219 2033 4336
2149 1813 4624 3619
2665 107 4518 1186
1199 4330 2379 4563
2031 2370 3817 4232
660 1189 1045 2190
1155 2958 3037 3598
2799 1686 3914 4072
1505 2759 1766 4543
1595 2991 3547 3841
3863 3260 4083 4112
982 293 2678 1777
2011 4435 3432 4884
1917 2152 3662 4148
3645 624 4005 3041
530 3648 1715 4238
3107 2780 3500 4304
4104 2071 4437 2644
2785 2035 3782 3940
3389 1189 3981 2289
1528 1344 3744 3717
2185 2338 2680 3453
149 2513 2364 2940
1435 197 2773 2656
601 275 966 2433
2505 3062 4889 4944
3158 2971 3423 4823
3997 2444 4900 3860
1366 2596 3612 4270
2318 92 4083 1119
2634 4376 4544 4994
2223 639 2366 2022
2041 1893 3290 3915
47 4310 2335 4605
1652 3859 2479 4733
3697 3402 4156 4507
1490 40 2188 678
269 2628 644 3753
2204 595 4178 2059
724 1613 1263 1614
3610 1947 4183 3276
277 619 327 1700
1401 3919 1640 4762
2207 943 3195 1582
771 2558 1581 4703
1394 3793 1996 4276
997 3272 1803 3932
1287 2398 2371 2988
1336 2951 1817 4835
2505 1417 3751 2488
4437 2729 4870 4884
2956 3536 4875 4746
3444 767 4998 3213
1666 788 2603 3070
216 2797 2328 3758
3266 1711 3935 3841
2758 1313 3984 2350
205 678 1568 1647
3161 1273 3812 2404
3457 28 4252 1040
1982 3563 3250 4570
76 2823 2166 3685
172 1266 649 2961
1888 4131 2191 4294
767 773 1415 3103
2864 3571 3613 3881
2942 1625 3319 3901
630 3571 2604 4994
4566 1898 4874 3125
955 200 1821 345
2802 1831 3066 3259
683 2642 3051 4680
724 1394 1257 2489
559 38 2230 1973
634 2730 1867 2825
938 1441 3297 1972
4266 2035 4673 2536
744 2809 2551 3644
525 2187 2783 2284
1871 1409 3560 2388
380 132 2850 1357
84 823 1506 3084
262 455 1576 1410
3699 523 3789 2702
493 1998 1750 3846
1552 1873 2832 2052
1915 674 3870 1752
