1000
500
497 732 927 793
610 478 738 906
271 634 437 923
80 585 297 699
15 537 344 997
285 105 703 560
22 607 520 860
456 376 812 609
78 468 321 534
161 101 360 316
719 175 909 193
383 579 862 885
456 128 802 523
134 540 379 837
514 127 579 513
816 281 853 331
731 703 793 877
270 5 747 227
197 9 566 388
137 52 328 392
434 98 836 479
15 307 430 618
77 334 451 724
304 635 476 872
572 336 816 398
285 382 764 670
8 53 316 516
179 81 655 389
512 239 670 378
682 576 724 869
423 72 855 409
887 122 957 587
136 534 623 915
122 176 587 558
534 39 992 173
278 26 682 254
914 462 922 956
29 153 56 557
279 239 304 738
423 956 566 993
214 637 422 945
277 867 695 930
253 291 642 734
88 297 406 512
713 103 987 108
373 403 632 667
292 538 693 906
583 118 843 502
374 172 730 662
398 395 539 782
854 230 898 511
11 433 83 889
85 747 523 910
96 900 249 949
355 380 368 548
53 58 120 314
236 581 470 927
218 31 636 317
338 633 385 960
299 62 569 289
324 409 365 673
142 86 448 411
690 436 770 632
591 718 739 839
153 616 531 697
150 825 459 919
93 305 541 751
269 274 497 730
199 280 449 603
701 485 769 894
410 590 796 856
445 651 714 978
473 137 612 209
495 401 981 884
88 79 409 517
266 269 660 617
56 681 395 958
205 341 549 775
70 570 364 821
205 430 608 622
606 343 833 653
0 689 197 793
322 618 577 673
112 328 611 331
104 539 313 640
402 844 562 957
184 891 659 925
28 104 498 564
122 262 549 337
834 566 958 842
294 527 306 840
216 717 676 961
392 596 453 948
585 813 895 830
351 726 522 906
255 682 483 854
488 790 490 915
222 138 411 562
51 451 201 666
14 69 458 416
372 745 442 961
584 475 948 884
181 547 584 892
326 750 454 925
95 199 472 362
948 637 978 732
557 165 937 391
397 421 779 804
571 121 699 230
156 665 485 889
35 740 378 967
544 239 964 574
339 739 788 870
399 238 836 737
647 217 842 495
170 546 560 679
537 217 665 334
307 583 517 820
961 553 974 799
4 394 409 861
230 657 232 953
229 572 619 966
273 449 624 556
212 266 653 418
649 302 857 718
526 856 609 939
424 49 749 317
12 917 414 977
12 165 55 202
504 170 530 425
489 289 642 715
172 621 520 753
243 348 647 735
243 265 503 391
350 286 540 437
150 430 413 904
784 301 940 319
794 709 811 865
380 14 597 388
37 570 219 893
689 246 864 683
394 435 618 673
597 139 725 510
226 211 406 430
297 596 656 951
370 136 560 588
58 674 423 819
272 370 395 815
301 67 733 197
364 91 820 553
174 803 426 837
325 119 788 607
79 98 414 439
497 490 878 557
244 399 609 777
248 542 709 634
38 173 82 644
183 593 186 751
634 365 808 605
576 435 633 698
337 210 647 330
109 78 182 458
638 526 915 640
570 283 789 362
415 217 776 690
530 545 673 916
250 479 448 842
105 130 522 395
163 502 328 532
69 172 516 356
640 222 986 308
84 492 580 901
306 589 318 883
576 315 711 597
276 90 307 267
101 404 157 578
375 407 549 808
127 252 360 293
2 385 363 690
12 754 117 952
369 655 432 713
232 486 630 920
660 226 898 452
408 490 815 940
357 21 733 452
633 358 755 710
409 440 640 900
168 0 332 275
115 411 237 730
13 443 383 723
655 514 891 720
492 238 917 737
408 275 601 445
75 32 91 335
107 702 353 751
186 37 454 471
757 203 993 609
68 334 316 760
176 750 487 792
120 292 264 544
970 167 978 511
358 603 649 851
119 27 566 246
630 122 745 244
438 157 582 452
151 349 464 509
610 323 746 597
357 535 670 843
167 67 324 198
250 245 552 475
359 960 822 978
481 785 965 860
110 501 501 995
117 35 512 216
345 723 709 831
317 228 367 676
931 69 948 95
40 568 145 926
781 3 847 9
212 154 601 567
456 165 538 574
605 402 858 688
361 694 710 743
69 569 205 801
881 95 924 555
223 301 703 460
785 462 880 931
490 216 748 356
665 512 919 693
476 808 653 962
644 257 763 629
602 617 922 625
534 798 660 935
570 544 596 807
187 62 483 297
427 247 543 743
601 635 826 963
549 25 856 30
723 683 832 799
556 122 719 565
252 372 499 840
246 454 620 787
554 537 679 917
402 861 649 958
682 528 999 956
14 498 408 554
602 226 907 458
297 6 413 405
323 31 487 341
211 277 710 703
589 504 986 912
666 156 698 338
374 283 765 332
187 870 544 958
611 168 819 563
277 395 683 832
737 154 936 646
802 636 886 798
192 161 418 416
71 568 546 952
189 774 320 987
25 234 439 692
968 633 972 652
597 355 839 651
465 590 681 753
513 160 589 647
370 760 802 882
814 303 833 524
22 642 485 671
461 285 633 739
542 219 960 717
405 115 442 573
175 663 478 944
725 31 885 389
523 533 861 893
287 597 349 986
294 445 388 512
492 23 944 226
232 399 531 463
471 338 679 467
923 579 987 619
220 546 521 940
185 155 355 346
244 742 524 839
397 197 847 542
295 410 733 821
780 711 924 966
798 319 893 687
592 294 820 663
748 21 805 348
135 367 282 629
435 850 762 965
501 609 613 946
596 160 782 647
894 366 981 529
421 86 466 562
440 268 600 646
89 588 209 874
498 44 631 105
717 609 730 618
479 605 608 799
175 410 528 587
67 809 333 820
476 524 662 775
304 458 390 611
264 142 539 492
247 384 537 741
72 217 366 431
525 524 990 981
423 91 548 167
326 785 508 887
543 515 820 650
350 151 525 326
134 287 404 509
544 462 938 542
739 504 935 517
271 588 618 859
772 384 984 498
103 395 349 472
148 81 618 158
273 766 562 956
159 826 606 866
908 627 940 668
38 543 339 779
160 44 420 227
382 105 780 530
331 336 716 658
900 543 906 715
369 569 506 876
315 174 588 582
240 841 377 980
105 395 404 725
471 302 615 477
379 447 693 629
27 229 380 618
514 106 877 501
236 58 298 300
409 44 818 370
207 694 350 997
538 408 958 866
273 90 370 457
658 512 944 731
428 161 762 248
158 40 220 391
399 21 851 186
436 53 611 242
785 473 857 828
503 858 597 923
164 218 650 268
306 122 775 387
309 412 545 804
641 688 701 734
322 267 403 300
468 336 637 626
550 582 854 752
63 395 159 799
505 743 832 928
152 404 171 673
234 8 604 60
758 453 832 537
936 453 943 810
628 137 896 520
290 97 611 352
630 319 956 576
241 613 611 920
499 52 587 415
469 474 674 730
526 144 988 558
190 684 601 951
746 419 862 685
352 693 647 719
647 373 731 542
97 183 541 422
208 167 687 410
709 388 825 388
880 360 933 410
672 651 899 769
254 389 629 419
251 56 391 247
689 244 769 440
442 164 870 175
205 10 592 167
219 873 252 906
28 499 133 944
379 117 662 244
157 14 477 44
17 425 470 842
143 145 409 494
199 590 667 929
72 268 471 733
641 489 787 648
573 141 983 510
483 356 978 752
41 475 462 808
152 207 415 407
58 368 547 531
448 308 707 360
127 499 290 911
3 320 315 720
642 475 958 562
287 640 766 845
195 374 264 484
313 388 782 426
802 172 992 568
565 58 874 205
120 566 564 738
791 611 882 986
846 387 934 810
155 286 644 779
590 448 683 882
518 430 811 666
223 567 291 757
160 385 552 777
477 626 825 775
356 377 365 639
656 422 966 646
435 505 919 912
223 239 456 670
208 389 327 845
116 550 559 747
638 307 976 657
304 274 371 696
105 586 496 998
410 408 512 838
441 442 894 842
359 440 759 918
683 476 745 625
229 410 418 699
424 485 607 485
848 60 920 326
806 744 929 994
500 113 751 236
914 3 942 435
536 567 755 861
552 618 925 626
665 232 787 317
305 256 506 623
815 545 911 637
378 409 700 666
287 33 740 427
84 126 398 533
448 436 919 896
727 391 992 726
688 559 919 889
670 606 852 906
698 27 878 454
497 42 599 355
91 84 106 168
141 461 288 493
563 531 746 696
311 325 700 694
109 77 272 565
295 267 616 571
423 250 810 439
493 155 570 460
271 296 693 540
502 46 977 356
27 177 33 343
599 437 752 822
334 191 750 649
265 246 705 651
308 224 784 344
207 104 610 175
127 652 150 982
816 574 909 583
444 286 903 510
126 431 476 450
401 690 752 915
98 368 133 563
27 429 509 831
411 408 838 573
437 10 519 293
424 229 609 719
530 134 581 541
813 63 968 234
743 367 930 770
282 89 661 573
900 157 935 193
233 440 487 839
154 203 578 565
639 155 956 200
504 269 824 729
49 394 405 576
387 77 763 509
292 93 699 208
225 330 498 566
96 626 347 708
666 470 853 726
723 46 734 92
643 152 725 465
561 99 629 535
586 329 769 705
14 748 423 841
503 237 566 642
813 553 987 841
33 293 528 758
267 456 411 598
294 320 771 721
158 79 502 174
405 378 770 855
